NODE_LIST = [
    [42.125451, -111.876667],
    [42.110876, -111.87672],
    [42.102506, -111.876668],
    [42.091194, -111.876628],
    [42.090012, -111.875371],
    [42.088984, -111.874118],
    [42.082148, -111.865777],
    [42.068936, -111.84225],
    [42.052851, -111.816329],
    [42.032924, -111.812152],
    [42.019179, -111.804233],
    [42.014054, -111.804366],
    [42.013047, -111.804835],
    [42.003791, -111.812531],
    [41.9989, -111.812793],
    [41.961574, -111.812896],
    [41.939902, -111.813881],
    [41.924791, -111.814285],
    [41.903161, -111.814752],
    [41.890652, -111.815007],
    [41.870486, -111.827531],
    [41.853007, -111.831818],
    [41.846866, -111.832402],
    [41.823952, -111.832988],
    [41.812785, -111.833177],
    [41.787613, -111.83375],
    [41.761347, -111.834305],
    [41.717425, -111.835328],
    [41.716106, -111.834923],
    [41.710208, -111.834623],
    [41.691065, -111.83423],
    [41.685493, -111.83384],
    [41.651093, -111.832748],
    [41.621668, -111.832674],
    [41.714348, -111.836977],
    [41.71235, -111.839439],
    [41.703415, -111.851587],
    [41.692821, -111.865738],
    [41.66172, -111.896854],
    [42.102506, -111.873973],
    [42.090024, -111.873994],
    [42.089003, -111.87405],
    [42.081714, -111.874149],
    [42.096281, -111.876664],
    [42.096254, -111.868538],
    [42.094186, -111.886397],
    [42.094203, -111.868572],
    [41.975853, -111.8623],
    [41.975942, -111.851265],
    [41.975974, -111.846941],
    [41.976042, -111.837259],
    [41.976117, -111.830585],
    [41.976055, -111.812862],
    [41.97379, -111.862267],
    [41.973828, -111.856665],
    [41.975883, -111.859502],
    [41.969589, -111.859416],
    [41.975913, -111.856661],
    [41.969623, -111.856616],
    [41.922708, -111.81435],
    [41.922513, -111.800289],
    [41.910628, -111.814618],
    [41.910546, -111.809538],
    [41.922593, -111.80868],
    [41.912882, -111.808985],
    [41.910533, -111.809547],
    [41.838728, -111.843833],
    [41.838533, -111.826995],
    [41.834564, -111.8439],
    [41.834234, -111.824263],
    [41.828356, -111.844013],
    [41.828006, -111.824512],
    [41.823959, -111.832991],
    [41.823963, -111.826354],
    [41.844866, -111.829584],
    [41.828111, -111.830048],
    [41.828026, -111.826179],
    [41.823948, -111.826351],
    [41.808846, -111.821603],
    [41.795106, -111.821954],
    [41.793356, -111.822056],
    [41.786098, -111.822394],
    [41.796406, -111.812771],
    [41.784067, -111.813083],
    [41.78342, -111.833836],
    [41.783429, -111.830904],
    [41.780029, -111.833895],
    [41.779924, -111.822801],
    [41.772519, -111.838813],
    [41.771893, -111.804488],
    [41.765463, -111.858613],
    [41.764957, -111.834231],
    [41.764727, -111.808656],
    [41.762189, -111.823792],
    [41.762175, -111.822317],
    [41.762475, -111.821306],
    [41.762162, -111.820702],
    [41.762152, -111.818947],
    [41.761335, -111.820258],
    [41.761023, -111.813817],
    [41.761083, -111.815643],
    [41.761479, -111.843905],
    [41.761332, -111.834297],
    [41.760968, -111.823873],
    [41.761215, -111.820703],
    [41.758451, -111.800803],
    [41.758441, -111.789863],
    [41.758164, -111.878686],
    [41.75716, -111.803584],
    [41.750848, -111.888523],
    [41.749879, -111.817269],
    [41.750183, -111.815602],
    [41.74999, -111.80436],
    [41.749298, -111.804378],
    [41.74937, -111.799496],
    [41.749446, -111.794506],
    [41.744747, -111.834601],
    [41.744492, -111.816656],
    [41.744558, -111.815825],
    [41.744145, -111.796818],
    [41.743097, -111.859219],
    [41.742828, -111.839786],
    [41.742585, -111.834644],
    [41.742926, -111.834659],
    [41.742597, -111.81672],
    [41.741159, -111.849442],
    [41.740642, -111.816765],
    [41.739251, -111.849529],
    [41.739252, -111.847549],
    [41.738754, -111.816803],
    [41.738602, -111.814958],
    [41.740087, -111.810646],
    [41.740963, -111.807201],
    [41.742528, -111.804282],
    [41.743495, -111.802072],
    [41.743911, -111.794702],
    [41.737379, -111.849588],
    [41.737329, -111.847678],
    [41.736918, -111.820343],
    [41.736082, -111.888454],
    [41.735468, -111.8497],
    [41.735434, -111.847748],
    [41.735031, -111.824573],
    [41.73162, -111.849766],
    [41.731585, -111.847836],
    [41.731064, -111.814417],
    [41.729886, -111.810752],
    [41.72994, -111.811323],
    [41.729829, -111.80849],
    [41.730991, -111.806168],
    [41.731768, -111.806103],
    [41.73193, -111.804277],
    [41.731929, -111.8014],
    [41.73194, -111.799587],
    [41.728088, -111.859888],
    [41.727974, -111.849883],
    [41.727792, -111.849876],
    [41.727775, -111.847975],
    [41.727665, -111.842858],
    [41.727796, -111.837703],
    [41.727471, -111.820439],
    [41.726159, -111.850518],
    [41.725725, -111.82237],
    [41.724259, -111.852501],
    [41.723951, -111.832656],
    [41.720694, -111.859951],
    [41.720569, -111.851712],
    [41.720532, -111.843073],
    [41.720531, -111.839563],
    [41.721173, -111.835263],
    [41.723453, -111.853043],
    [41.723627, -111.860068],
    [41.719283, -111.835316],
    [41.719263, -111.833424],
    [41.719251, -111.831408],
    [41.713377, -111.860212],
    [41.713339, -111.857471],
    [41.713268, -111.852853],
    [41.713219, -111.848539],
    [41.714065, -111.847373],
    [41.71489, -111.846308],
    [41.714919, -111.844618],
    [41.716061, -111.840803],
    [41.716078, -111.839448],
    [41.715378, -111.838124],
    [41.715312, -111.836415],
    [41.711752, -111.83887],
    [41.710719, -111.838781],
    [41.710267, -111.838015],
    [41.710664, -111.841724],
    [41.710218, -111.840724],
    [41.710187, -111.839136],
    [41.710171, -111.831945],
    [41.703694, -111.806463],
    [41.703754, -111.858334],
    [41.704802, -111.856573],
    [41.705183, -111.853026],
    [41.703402, -111.865891],
    [41.703404, -111.866679],
    [41.702852, -111.84252],
    [41.702729, -111.837899],
    [41.702607, -111.845093],
    [41.703139, -111.8493],
    [41.70321, -111.851174],
    [41.703437, -111.851593],
    [41.701099, -111.865853],
    [41.701093, -111.863626],
    [41.700082, -111.869014],
    [41.7001, -111.860377],
    [41.709441, -111.839703],
    [41.707981, -111.841599],
    [41.706847, -111.845159],
    [41.707431, -111.846119],
    [41.707644, -111.84128],
    [41.707151, -111.841135],
    [41.702824, -111.841219],
    [41.701009, -111.854903],
    [41.691189, -111.867388],
    [41.690665, -111.866327],
    [41.689758, -111.866145],
    [41.689025, -111.866842],
    [41.689498, -111.866363],
    [41.689387, -111.86568],
    [41.689465, -111.864602],
    [41.690263, -111.862707],
    [41.690223, -111.861683],
    [41.688689, -111.859103],
    [41.68852, -111.856847],
    [41.688809, -111.855701],
    [41.688792, -111.854555],
    [41.688203, -111.853142],
    [41.688142, -111.852416],
    [41.735007, -111.822085],
    [41.736018, -111.820723],
    [41.73667, -111.819269],
    [41.737407, -111.814663],
    [41.738487, -111.81098],
    [41.700096, -111.866677],
    [41.701079, -111.86478],
    [41.700098, -111.864758],
    [41.778019, -111.85842],
    [41.69699, -111.86032],
    [41.713266, -111.852852],
    [41.705659, -111.853134],
    [41.704244, -111.852724],
    [41.703432, -111.851589],
    [41.698986, -111.852507],
    [41.689637, -111.8524],
    [41.778019, -111.84879],
    [41.726716, -111.849947],
    [41.723462, -111.853078],
    [41.766939, -111.843721],
    [41.752393, -111.844191],
    [41.751875, -111.844742],
    [41.723442, -111.845596],
    [41.741038, -111.84243],
    [41.720528, -111.842453],
    [41.715559, -111.842521],
    [41.719115, -111.853228],
    [41.718248, -111.852747],
    [41.772518, -111.838811],
    [41.729536, -111.840237],
    [41.746418, -111.836454],
    [41.744881, -111.836538],
    [41.744056, -111.837228],
    [41.722203, -111.837881],
    [41.720775, -111.837919],
    [41.7463, -111.831851],
    [41.721874, -111.832742],
    [41.720323, -111.831412],
    [41.718576, -111.831206],
    [41.717481, -111.830018],
    [41.716938, -111.830021],
    [41.787595, -111.829816],
    [41.786421, -111.829897],
    [41.784192, -111.830876],
    [41.776554, -111.830537],
    [41.773452, -111.828393],
    [41.759368, -111.828961],
    [41.725832, -111.829971],
    [41.762169, -111.820276],
    [41.762169, -111.820693],
    [41.762892, -111.821394],
    [41.763931, -111.820961],
    [41.764914, -111.820893],
    [41.758931, -111.824035],
    [41.753356, -111.824142],
    [41.749962, -111.824289],
    [41.749943, -111.823997],
    [41.748429, -111.824077],
    [41.734591, -111.824578],
    [41.725748, -111.825913],
    [41.724035, -111.825473],
    [41.734985, -111.822066],
    [41.729326, -111.822244],
    [41.777684, -111.818463],
    [41.734938, -111.819303],
    [41.743783, -111.816704],
    [41.739249, -111.8168],
    [41.750076, -111.816411],
    [41.759421, -111.813859],
    [41.743467, -111.8142],
    [41.772963, -111.804493],
    [41.758482, -111.804277],
    [41.749416, -111.796765],
    [41.747546, -111.796783],
    [41.743775, -111.796819],
    [41.760167, -111.794641],
    [41.748048, -111.79451],
    [41.695996, -111.823229],
    [41.694797, -111.823272],
    [41.723138, -111.825745],
    [41.719501, -111.825818],
    [41.724708, -111.822374],
    [41.721364, -111.822385],
    [41.719432, -111.822477],
    [41.72364, -111.825575],
    [41.723571, -111.82238],
    [41.723525, -111.819945],
    [41.719533, -111.829567],
    [41.719435, -111.822476],
    [41.719381, -111.820064],
    [41.714975, -111.830044],
    [41.714332, -111.830294],
    [41.713406, -111.830313],
    [41.712121, -111.829137],
    [41.710115, -111.829162],
    [41.712419, -111.829377],
    [41.713592, -111.82773],
    [41.713398, -111.825606],
    [41.710047, -111.825722],
    [41.709976, -111.822772],
    [41.715463, -111.820164],
    [41.698516, -111.820584],
    [41.711791, -111.817665],
    [41.696344, -111.818089],
    [41.713432, -111.827178],
    [41.713283, -111.820218],
    [41.711852, -111.821337],
    [41.711609, -111.807578],
    [41.709749, -111.807628],
    [41.708071, -111.822866],
    [41.707862, -111.81024],
    [41.702479, -111.82303],
    [41.688513, -111.826278],
    [41.676366, -111.826536],
    [41.689405, -111.823518],
    [41.676322, -111.823698],
    [41.679803, -111.826445],
    [41.679726, -111.818068],
    [41.677371, -111.83035],
    [41.678069, -111.827842],
    [41.678071, -111.826523],
    [41.677946, -111.815368],
    [41.67668, -111.83336],
    [41.685481, -111.881345],
    [41.6855, -111.862045],
    [41.685494, -111.833853],
    [41.67528, -111.883221],
    [41.674651, -111.833392],
    [41.690101, -111.857337],
    [41.680672, -111.857166],
    [41.679403, -111.857879],
    [41.677159, -111.857985],
    [41.67657, -111.857667],
    [41.674983, -111.857667],
    [41.674921, -111.85223],
    [41.634284, -111.866372],
    [41.633643, -111.835708],
    [41.633583, -111.831966],
    [41.644353, -111.871455],
    [41.644198, -111.863087],
    [41.628007, -111.866545],
    [41.627368, -111.835909],
    [41.627311, -111.832612],
    [41.62719, -111.813494],
    [41.634353, -111.829014],
    [41.634372, -111.816345],
    [41.644249, -111.865813],
    [41.640532, -111.866017],
    [41.644198, -111.860931],
    [41.640411, -111.860491],
    [41.625882, -111.860978],
    [41.642603, -111.854845],
    [41.623759, -111.85557],
    [41.634375, -111.818927],
    [41.630378, -111.818963],
    [41.628654, -111.819844],
    [41.627176, -111.819857],
]

ROAD_LIST = [
    ["State St (US-91), Preston, Idaho", "N/S", [[0, 1600], [1, 800], [2, 300], [3, -245], [4, -300]]],
    ["US-91, Preston, Idaho", "N/S", [[4, -300], [5, -400], [6, -780]]],
    ["US-91, Idaho", "N/S", [[6, -780], [7, -1500], [8, -2716], [9, -3721], [10, -4467]]],
    ["State St (US-91), Franklin, Idaho", "N/S", [[10, 100], [11, -150], [12, -200]]],
    ["US-91, Idaho", "N/S", [[12, -4950], [13, -5310], [14, -5530]]],
    ["US-91", "N/S", [[14, 14670], [15, 12600], [16, 11400]]],
    ["900 E (US-91), Richmond", "N/S", [[16, 11400], [17, 10540]]],
    ["200 W (US-91), Richmond", "N/S", [[17, 100], [18, -1530]]],
    ["Main Street", "N/S", [[18, 9400], [19, 8700], [20, 7618], [21, 6600]]],
    ["Main Street, Smithfield", "N/S", [[21, 800], [22, 492], [23, -600], [24, -1200]]],
    ["Main Street, Hyde Park", "N/S", [[24, 4400], [25, 3100]]],
    ["Main Street, North Logan", "N/S", [[25, 3100], [26, 1600]]],
    ["Main Street", "N/S", [[26, 1600], [27, -800], [28, -880], [29, -1200], [30, -2300], [31, -2600]]],
    ["Main Street, Nibley", "N/S", [[31, -2600], [32, -4400]]],
    ["800 E, Hyrum", "N/S", [[32, 800], [33, -550]]],
    ["US-89", "N/S", [[27, -800], [34, -992], [35, -1100], [36, -1700], [37, -2200], [38, -3900]]],
    ["1st E, Preston", "N/S", [[39, 300], [40, -300], [41, -400], [42, -800]]],
    ["Oneida St, Preston", "E/W", [[43, 0], [44, 300]]],
    ["1st S, Preston", "E/W", [[45, -400], [46, 300]]],
    ["Center St (UT-61), Lewiston", "E/W", [[47, -200], [48, 200], [49, 400], [50, 800], [51, 1000], [52, 1150]]],
    ["100 S, Lewiston", "E/W", [[53, -200], [54, 0]]],
    ["100 W, Lewiston", "N/S", [[55, 0], [56, -300]]],
    ["Main St, Lewiston", "N/S", [[57, 0], [58, -300]]],
    ["Main St, Richmond", "E/W", [[59, -200], [60, 300]]],
    ["600 S, Richmond", "E/W", [[61, -200], [62, 0]]],
    ["State St, Richmond", "E/W", [[63, 0], [64, -470], [65, -600]]],
    ["100 N, Smithfield", "E/W", [[66, -400], [67, 200]]],
    ["100 S, Smithfield", "E/W", [[68, -400], [69, 300]]],
    ["300 E, Smithfield", "N/S", [[69, -100], [71, -400]]],
    ["400 S, Smithfield", "E/W", [[70, -400], [71, 300]]],
    ["600 S, Smithfield", "E/W", [[72, 0], [73, 250]]],
    ["100 E, Smithfield", "N/S", [[74, 400], [75, -400]]],
    ["250 E, Smithfield", "N/S", [[76, -400], [77, -600]]],
    ["100 W, Hyde Park", "N/S", [[78, 491], [79, -200], [80, -300], [81, -700]]],
    ["400 E, North Logan", "N/S", [[81, 2965], [285, 1480]]],
    ["400 E", "N/S", [[285, 1480], [286, 1200], [287, 1000]]],
    ["250 E, Hyde Park", "N/S", [[82, -124], [83, -760]]],
    ["800 E, North Logan", "N/S", [[83, 2900], [300, 1500]]],
    ["800 E", "N/S", [[300, 1500], [301, 635]]],
    ["2860 N, North Logan", "E/W", [[84, 0], [85, 100]]],
    ["2600 N, North Logan", "E/W", [[86, 0], [87, 400]]],
    ["2200 N, North Logan", "E/W", [[88, -200], [89, 1200]]],
    ["1800 N", "E/W", [[90, -1000], [91, 0]]],
    ["1800 N, North Logan", "E/W", [[91, 0], [92, 1000]]],
    ["1650 N, North Logan", "E/W", [[93, 400], [94, 450], [95, 500], [96, 525], [97, 600]]],
    ["1605 N, North Logan", "E/W", [[98, 572], [99, 708], [100, 727]]],
    ["1600 N", "E/W", [[101, -400], [102, 0]]],
    ["1600 N, North Logan", "E/W", [[102, 0], [103, 400]]],
    ["1600 N, North Logan", "E/W", [[104, 532], [99, 800]]],
    ["1400 N", "E/W", [[108, 1229]]],
    ["1500 N", "E/W", [[105, 1325], [106, 1800]]],
    ["1400 N", "E/W", [[105, 1325]]],
    ["1400 N", "E/W", [[107, -1800], [108, 1229], [105, 1325]]],
    ["1000 N", "E/W", [[109, -2210], [110, 669], [111, 728], [112, 1200]]],
    ["1000 N", "E/W", [[113, 1200], [114, 1400]]],
    ["Ellendale Ave", "E/W", [[114, 1400], [115, 1600]]],
    ["700 N", "E/W", [[116, 0], [117, 700]]],
    ["700 E", "N/S", [[117, 700], [299, 1000]]],
    ["Aggie Blvd", "E/W", [[118, 730], [119, 1500]]],
    ["600 N", "E/W", [[120, -1000], [121, -200], [122, 0]]],
    ["600 N", "E/W", [[123, 0], [124, 700]]],
    ["500 N", "E/W", [[125, -600], [126, 700]]],
    ["400 N", "E/W", [[127, -600], [128, -500], [129, 700]]],
    ["US-89", "E/W", [[129, 700], [130, 775], [131, 910], [132, 1075], [133, 1200], [134, 1290], [135, 1590]]],
    ["300 N", "E/W", [[136, -600], [137, -500], [138, 565]]],
    ["200 N", "E/W", [[139, -2163], [140, -600], [141, -500], [142, 400]]],
    ["Center Street", "E/W", [[143, -600], [144, -500], [145, 800], [146, 920]]],
    ["Mountain Rd", "E/W", [[146, 920], [147, 935], [148, 1000], [149, 1080], [150, 1130], [151, 1170], [152, 1300], [153, 1400]]],
    ["200 S", "E/W", [[154, -1000], [155, -600]]],
    ["200 S", "E/W", [[156, -600], [157, -500], [158, -300]]],
    ["200 S", "E/W", [[159, -100], [160, 573]]],
    ["300 S", "E/W", [[161, -600], [162, 500]]],
    ["400 S", "E/W", [[163, -667], [164, 100]]],
    ["600 S", "E/W", [[165, -1000], [166, -640]]],
    ["300 W", "N/S", [[255, 500]]],
    ["600 S", "E/W", [[167, -300], [168, -163], [169, 0]]],
    ["300 W", "N/S", [[167, -600]]],
    ["Three Pointe Ave", "E/W", [[170, -700], [171, -1000]]],
    ["700 S", "E/W", [[172, 0], [173, 80], [174, 100]]],
    ["700 S, River Heights", "E/W", [[174, 100], [319, 280], [320, 500], [321, 600]]],
    ["1000 S", "E/W", [[175, -1000], [176, -900], [177, -800], [178, -580], [179, -500]]],
    ["Golf Course Rd", "E/W", [[179, -500], [180, -400], [181, -280], [182, -210], [183, -140], [184, -75], [185, 0]]],
    ["1100 S", "E/W", [[35, -100], [186, -87], [187, -75], [188, -65]]],
    ["1200 S", "E/W", [[188, -65], [192, 40]]],
    ["100 N, Providence", "E/W", [[192, -560], [340, 400]]],
    ["1200 S", "E/W", [[189, -200], [190, -160], [191, -95], [188, -65], [192, 40]]],
    ["100 N, Providence", "E/W", [[192, -560], [340, 400]]],
    ["1600 S", "E/W", [[193, -1000], [194, -950], [195, -890], [196, -800]]],
    ["1610 S", "E/W", [[197, -1240], [198, -1280]]],
    ["1280 W", "N/S", [[198, -1610], [237, -1800]]],
    ["1700 S", "E/W", [[204, -800], [203, -780], [202, -700], [201, -630], [199, -550], [200, -450]]],
    ["300 S, Providence", "E/W", [[200, -1450], [343, -200]]],
    ["1240 W", "N/S", [[197, -1610]]],
    ["1750 S", "E/W", [[205, -1240], [206, -1150]]],
    ["1240 W", "N/S", [[205, -1750]]],
    ["1800 S", "E/W", [[207, -1380], [208, -1000]]],
    ["Legrand St", "N/S", [[191, -1200], [209, -1250], [210, -1300], [211, -1400], [212, -1430]]],
    ["Talon Dr", "N/S", [[210, -1300], [213, -1305], [214, -1310], [215, -1700]]],
    ["Hyclone Dr", "N/S", [[194, -1600], [216, -1750]]],
    ["800 W", "N/S", [[216, -1750], [246, -1850], [247, -2375]]],
    ["800 W, Nibley", "N/S", [[247, -2375], [366, -3200]]],
    ["Heritage Dr", "N/S", [[217, -2290], [218, -2310], [219, -2365], [220, -2470]]],
    ["Nibley Park Ave", "E/W", [[221, -1400], [222, -1350], [223, -1275], [224, -1212], [224, -1180], [226, -1100], [226, -1000], [227, -985], [228, -940], [229, -900], [230, -830], [231, -800]]],
    ["Nibley Park Ave", "E/W", [[225, -1212], [224, -1180], [226, -1100], [226, -1000], [227, -985], [228, -940], [229, -900], [230, -830], [231, -800]]],
    ["Canyon Rd", "E/W", [[232, 500], [233, 550], [234, 600], [235, 730], [236, 970]]],
    ["Emme Way", "N/S", [[238, -1750], [239, -1800]]],
    ["1000 W", "N/S", [[240, 2500], [241, -1960]]],
    ["Park Ave", "N/S", [[259, -720]]],
    ["800 W", "N/S", [[242, -1000], [243, -1580], [244, -1640], [245, -1700]]],
    ["Park Ave", "N/S", [[242, -1000]]],
    ["600 W", "N/S", [[248, 2500], [249, -267], [250, -430]]],
    ["Park Ave", "N/S", [[250, -430], [258, -684], [259, -720], [242, -1000]]],
    ["400 W", "N/S", [[251, 1898], [252, 1105], [253, 1085], [254, -437]]],
    ["300 W", "N/S", [[256, -600], [257, -876]]],
    ["200 W", "N/S", [[260, 2200], [261, -100]]],
    ["100 W", "N/S", [[262, 800], [263, 713], [264, 670], [265, -500], [266, -600]]],
    ["100 E", "N/S", [[267, 800], [268, -512], [269, -664], [270, -724], [271, -770], [272, -800]]],
    ["Gateway Dr, Providence", "N/S", [[272, 435], [322, 358], [323, 320], [324, 270], [325, 210], [326, 100]]],
    ["Wolfpack Way", "N/S", [[273, 3100], [274, 3020], [275, 2830], [276, 2450], [277, 2260]]],
    ["200 E, North Logan", "N/S", [[277, 2260], [278, 1500]]],
    ["200 E", "N/S", [[278, 1500], [279, -300]]],
    ["Research Park Way, North Logan", "N/S", [[104, 1600], [280, 1650]]],
    ["Research Park Way, North Logan", "N/S", [[98, 1605], [281, 1650]]],
    ["Research Park Way, North Logan", "N/S", [[95, 1650], [282, 1670], [283, 1770], [284, 1800]]],
    ["400 E", "N/S", [[288, 1000], [289, 900], [290, 175]]],
    ["Country Road", "N/S", [[291, -300], [292, -380]]],
    ["400 E, River Heights", "N/S", [[292, -380], [311, -450], [312, -700]]],
    ["500 E", "N/S", [[293, 200], [294, -100]]],
    ["600 E", "N/S", [[295, 2400], [296, 200]]],
    ["700 E", "N/S", [[118, 700], [297, 661], [298, 428]]],
    ["1200 E, North Logan", "N/S", [[302, 2300], [303, 1500]]],
    ["1200 E", "N/S", [[303, 1500], [133, 600]]],
    ["1500 E", "N/S", [[304, 1000], [305, 900], [306, 678]]],
    ["1600 E", "N/S", [[307, 1600], [308, 920]]],
    ["200 W, Providence", "N/S", [[331, 100]]],
    ["400 E", "N/S", [[309, -2020], [310, -2100]]],
    ["200 W, Providence", "N/S", [[309, -620]]],
    ["500 E, River Heights", "N/S", [[313, -297], [314, -600], [315, -700]]],
    ["400 S, River Heights", "E/W", [[316, 400], [317, 500], [318, 600]]],
    ["Spring Creek Pkwy, Providence", "N/S", [[327, 246], [328, 280]]],
    ["280 N, Providence", "E/W", [[328, -390], [336, -358], [337, -100]]],
    ["300 W, Providence", "N/S", [[329, 280], [330, 100]]],
    ["100 W, Providence", "N/S", [[332, 392], [333, -500]]],
    ["Main Street, Providence", "N/S", [[334, 200], [335, -600]]],
    ["200 N, Providence", "E/W", [[338, -150], [339, 400]]],
    ["Center Street, Providence", "E/W", [[341, -200], [342, 300]]],
    ["100 W, Millville", "N/S", [[344, 400], [345, -300]]],
    ["Main Street, Millville", "N/S", [[310, 730], [346, 450], [347, -300]]],
    ["200 S, Millville", "E/W", [[351, -200]]],
    ["100 S, Millville", "E/W", [[348, -100], [349, 200]]],
    ["200 S, Millville", "E/W", [[348, -100]]],
    ["Mill Rd, Nibley", "E/W", [[354, 0]]],
    ["200 S, Millville", "E/W", [[350, -300], [351, -200], [348, -100]]],
    ["Mill Rd, Nibley", "E/W", [[350, 200]]],
    ["200 S, Millville", "E/W", [[352, -100], [353, 300]]],
    ["2600 S, Nibley", "E/W", [[355, -2000], [356, -1200], [357, 0]]],
    ["3200 S, Nibley", "E/W", [[358, -2100], [359, 0]]],
    ["1000 W, Nibley", "N/S", [[360, -2350], [361, -2860], [362, -2934], [363, -3080], [364, -3120], [365, -3200]]],
    ["Main Street, Hyrum", "E/W", [[367, -400], [368, 700], [369, 825]]],
    ["Blacksmith Fork Canyon Rd, Hyrum", "E/W", [[369, 825], [376, 945], [377, 1400]]],
    ["400 N, Hyrum", "E/W", [[370, -608], [371, -300]]],
    ["400 W, Hyrum", "N/S", [[379, 300]]],
    ["300 S, Hyrum", "E/W", [[372, -400], [373, 700], [374, 800], [375, 1600]]],
    ["400 W, Hyrum", "N/S", [[372, -300]]],
    ["400 W, Hyrum", "N/S", [[378, 400], [379, 300], [372, -300]]],
    ["200 W, Hyrum", "N/S", [[380, 400], [381, 300], [382, -400]]],
    ["Center St, Hyrum", "N/S", [[383, 420], [384, -500]]],
    ["1300 E, Hyrum", "N/S", [[385, 0], [386, -150], [387, -250], [388, -300]]],
