NODE_LIST = [
    [41.7351721, -111.832297, 82912563],
    [41.7353077, -111.8322871, 9209834217],
    [41.7362388, -111.8322191, 4541664677],
    [41.7363999, -111.8322077, 4541664680],
    [41.7369964, -111.832193, 9227626893],
    [41.7371222, -111.8321909, 82912564],
    [41.7372346, -111.8321867, 9227626911],
    [41.7385103, -111.8321487, 9231617084],
    [41.7386005, -111.8321461, 9231617090],
    [41.7389125, -111.832137, 6441494177],
    [41.7390369, -111.832136, 82912566],
    [41.7403531, -111.8321138, 8745156717],
    [41.7406215, -111.8321104, 7226468377],
    [41.7407954, -111.8321079, 4541664703],
    [41.7409038, -111.8320709, 82912567],
    [41.7410011, -111.8320417, 4541664702],
    [41.7415108, -111.8320139, 4541664704],
    [41.742897, -111.831972, 82912568],
    [41.7447556, -111.8319155, 82912569],
    [41.7463103, -111.8318741, 82912571],
]

ROAD_LIST = [
    ["100 E", "N/S", [[82912563, 200], [9209834217, 207], [4541664677, 256], [4541664680, 264], [9227626893, 294], [82912564, 300], [9227626911, 306], [9231617084, 374], [9231617090, 379], [6441494177, 396], [82912566, 400], [8745156717, 476], [7226468377, 487], [4541664703, 494], [82912567, 500], [4541664702, 503], [4541664704, 523], [82912568, 600], [82912569, 700], [82912571, 800]]],
]

